thing

thing =

   1.0e+09 *

  Columns 1 through 3

   6.975596999855592   6.686320307378581   6.328945629858789
   6.723949007704952   6.516682579445070   6.376231599306054
   6.921824840916897   6.530863726848249   6.330697582530741

  Columns 4 through 6

   6.156011202417251   5.875539790007955   5.837486403047458
   6.299415235939911   5.828436169615642   5.752238962774707
   6.137158530324549   5.954490186423476   5.822372827911187

  Columns 7 through 9

   5.578518359329978   5.437766569797099   5.443158709627399
   5.612201482436227   5.619593861529557   5.251065753263054
   5.647022271928101   5.488089632387901   5.347810532344401

  Columns 10 through 12

   5.305157543147264   5.061797576573080   5.009181065157142
   5.302717345559293   5.215805606678871   4.929460031327599
   5.234242911226007   5.157044306373973   5.055088531911069

  Columns 13 through 15

   4.994731134318926   4.848511606810334   4.796418352257023
   5.000872908827726   4.769524965123161   4.757820547295725
   4.920278299857460   4.791314264278814   4.686839468250562

  Columns 16 through 18

   4.707302522738177   4.526782574794981   4.489643659003748
   4.740398698393957   4.572767955507525   4.404061714002996
   4.598586707117248   4.532491624983629   4.401839372541859

  Columns 19 through 21

   4.252044679875333   4.240654550563693   4.252627843123376
   4.458462948698881   4.271174022388029   4.146848453242263
   4.401983282106026   4.258539495844261   4.208676290710553

  Columns 22 through 24

   4.144774690365027   4.200113227112818   3.981177737131081
   4.078979861863421   3.970406306084423   3.902638714512276
   4.088513085456562   4.055660304453930   3.948022830502472

  Columns 25 through 27

   3.929062293839738   3.808293068889283   3.601566329487174
   3.939745322109963   3.739781989508117   3.632696551183682
   3.891262395963947   3.807896348854334   3.713320635812162

  Columns 28 through 30

   3.843571330559409   3.552246595676693   3.533068553121483
   3.761403424559102   3.599279074477975   3.536685477084592
   3.647084121661039   3.551163831482762   3.544633761492770

  Columns 31 through 33

   3.387333095792683   3.403835062762363   3.124035895299291
   3.434040679176621   3.371640065622604   3.235360264773938
   3.447848538316412   3.384363432923433   3.305121198641846

  Columns 34 through 36

   3.314706823828761   3.130384522477367   3.078019485491279
   3.187641129612752   3.225639476009539   3.187114259224902
   3.231767066789380   3.153076041532686   3.094480852516114

  Columns 37 through 39

   3.027747923818021   2.958349517782981   3.007904837374592
   3.241151565200523   2.984707314096035   3.023060976752736
   3.063136877622297   2.942968757796949   2.925115154668236

  Columns 40 through 42

   2.831648377121340   2.879187714555912   2.701296951531112
   2.871374180683683   2.763743140912321   2.614954507859610
   2.897635226437065   2.815887371830707   2.771322432285792

  Columns 43 through 45

   2.791313455884973   2.711929189334481   2.426512161480332
   2.768043993325004   2.648253443675483   2.767200060104764
   2.746863532976857   2.638223464400001   2.585702605396739

  Columns 46 through 48

   2.581925696376344   2.402853468897275   2.444956635442432
   2.455453290541390   2.560525272518891   2.439088667859683
   2.524191009433889   2.423028033300981   2.401697674874984

  Columns 49 through 51

   2.420426213364304   2.330428030019060   2.235969771470873
   2.413734303404191   2.389628227627174   2.199178849901654
   2.329870500829593   2.271454233561692   2.250874428774315

  Columns 52 through 54

   2.227472132451561   2.276154408423291   2.022417463507320
   2.176153942364293   2.306960433851994   2.104515613320533
   2.171431772201117   2.184153576103181   2.107571513173728

  Columns 55 through 57

   2.097070780246216   2.089810631805187   1.860370326901033
   2.098807671629737   1.983181817989574   2.062030421830868
   2.026922389145701   1.953518023068739   1.937748114055623

  Columns 58 through 60

   1.910403613468773   1.824198024102963   1.864653970302077
   1.854629162057801   1.876786334219493   1.932033469728135
   1.884219278605191   1.786839216553330   1.785647877755982

  Columns 61 through 63

   1.750546381475049   1.704952870042034   1.674600880459120
   1.797360759268582   1.682176575740099   1.738006533080499
   1.770905316304603   1.705394300987950   1.632102904738897

  Columns 64 through 66

   1.637819045967484   1.544812158857659   1.457312274782891
   1.593145814106263   1.507580508801208   1.605824387599551
   1.596880339539124   1.552290863508642   1.486696524879326

  Columns 67 through 69

   1.476714039680479   1.294572319895295   1.356685839411610
   1.554749382396440   1.385500200271252   1.284486833750147
   1.428858786980006   1.395824759479642   1.406950977361585

  Columns 70 through 72

   1.378210344105442   1.283412489940339   1.219959085468104
   1.213445788595630   1.232573683390076   1.093671268360283
   1.343470650698863   1.275836881803618   1.279479456008075

  Columns 73 through 75

   1.248850995924978   1.138290905237532   1.098915078104552
   1.135407042232647   0.999490008287297   1.076051594478300
   1.171155991521527   1.168923887324377   1.084904604807104

  Columns 76 through 78

   1.090147933687170   1.064675941474247   0.957759694520009
   0.900102502382500   0.877421043937960   0.975765733264592
   1.048295588161642   1.034107043834741   0.988540745415643

  Columns 79 through 81

   0.928066819457182   0.871531524490890   0.895839101228683
   0.936302959050795   0.846181663868857   0.771267584706638
   0.916757411121963   0.901329806569863   0.812156742024757

  Columns 82 through 84

   0.796812869316886   0.761115327180794   0.744052550582013
   0.775565328115423   0.709328199384915   0.889487152118628
   0.817856154727193   0.765102813280239   0.717397263935064

  Columns 85 through 87

   0.629202866490036   0.648281880806209   0.579024073144904
   0.747534602477124   0.698334040438454   0.478446217134491
   0.634579093365925   0.631156316302878   0.668297083880669

  Columns 88 through 90

   0.569689242264767   0.529155533207706   0.572279774201529
   0.592239786454007   0.496295925882694   0.434096473566659
   0.582642135155370   0.507199779259713   0.427789102261447

  Columns 91 through 93

   0.435691291015321   0.351084924358862   0.361201803557558
   0.517765837691754   0.415723267644128   0.376026122680592
   0.424152253242300   0.370369493833718   0.349178196807185

  Columns 94 through 96

   0.358990662010554   0.237923745868720   0.228339234804526
   0.319368265175821   0.233286890783591   0.333430112220391
   0.280044177984025   0.302188064462680   0.253717677076593

  Columns 97 through 99

   0.179744075955802   0.175018722871169   0.136589828439676
   0.131215750875870   0.175211551051563   0.253734665479256
   0.195441578487046   0.188387064848448   0.133568081174347

  Column 100

   0.092495989155555
   0.103084242394452
   0.125442763708607

diary off
